station_id,station,Max_Positive,Min_Negative,Required_Docks_Est
31602.0,Park Rd & Holmead Pl NW,1,-601,602
31102.0,11th & Kenyon St NW,-1,-545,544
31247.0,Jefferson Dr & 14th St SW,373,1,372
31230.0,Metro Center / 12th & G St NW,313,-3,316
31228.0,8th & H St NW,293,-5,298
31114.0,18th St & Wyoming Ave NW,-1,-294,293
31131.0,14th & Otis Pl NW,1,-276,277
31225.0,Wisconsin Ave & K St NW,273,-2,275
31268.0,12th & U St NW,5,-262,267
30200.0,9th St & Pennsylvania Ave NW,266,-1,267
31115.0,Columbia Rd & Georgia Ave NW,1,-265,266
31106.0,Calvert & Biltmore St NW,0,-249,249
31274.0,10th & G St NW,244,-3,247
31293.0,Thomas Jefferson St NW & Water/K St NW,241,-4,245
31246.0,M St & Pennsylvania Ave NW,238,-2,240
31215.0,Georgetown Harbor / 30th St NW,223,-3,226
31022.0,Clarendon Metro / Wilson Blvd & N Highland St,2,-224,226
31229.0,New Hampshire Ave & T St NW,5,-211,216
31209.0,1st & N St SE,203,-7,210
31216.0,14th St & New York Ave NW,209,1,208
31314.0,34th & Water St NW,205,-3,208
31323.0,Woodley Park Metro / Calvert St & Connecticut Ave NW,8,-198,206
31311.0,13th & O St NW/ Logan Circle,1,-196,197
31286.0,11th & O St NW,6,-188,194
31030.0,Langston Blvd & N Adams St,0,-188,188
31262.0,11th & F St NW,187,0,187
31135.0,16th & Harvard St NW,2,-179,181
31647.0,7th St & Massachusetts Ave NE,1,-175,176
31650.0,1st & M St SE,168,-5,173
31241.0,Thomas Circle,6,-167,173
31335.0,16th & K St NW/BLM Plaza,170,1,169
31222.0,15th St & New York Ave NW,164,-4,168
31646.0,Maine Ave & 9th St SW,165,-2,167
31136.0,11th & Clifton St NW,11,-156,167
31017.0,Wilson Blvd & N Uhle St,2,-163,165
31113.0,Columbia Rd & Belmont St NW,9,-154,163
31101.0,14th & V St NW,8,-154,162
31232.0,7th & F St NW / National Portrait Gallery,154,-2,156
31227.0,13th St & New York Ave NW,152,-3,155
31233.0,17th & K St NW / Farragut Square,155,0,155
31620.0,5th & F St NW,150,-2,152
31655.0,New Jersey Ave & F St NW,141,-10,151
30201.0,9th & G St NW,139,-5,144
31128.0,23rd & M St NW,142,-1,143
31104.0,Adams Mill & Columbia Rd NW,-1,-143,142
31276.0,15th & L St NW,124,-13,137
31426.0,10th St & Spring Rd NW,3,-133,136
31320.0,American University East Campus,2,-134,136
31623.0,Columbus Circle / Union Station,22,-113,135
31231.0,14th & D St NW / John A Wilson Building,133,-1,134
31296.0,Columbia & Ontario Rd NW,0,-134,134
31238.0,14th & G St NW,134,1,133
31217.0,USDA / 12th & C St SW,129,-3,132
31243.0,4th & C St SW,129,-3,132
31133.0,20th St & Columbia Rd NW,2,-130,132
31108.0,4th & M St SW,115,-16,131
31507.0,1st & Washington Hospital Center NW,4,-125,129
31421.0,Grant Circle,-1,-130,129
31203.0,14th St & Rhode Island Ave NW,-1,-127,126
31134.0,8th & V St NW,-1,-127,126
31301.0,Ward Circle / American University,2,-123,125
31303.0,Tenleytown / Wisconsin Ave & Albemarle St NW,6,-118,124
31122.0,16th & Irving St NW,9,-115,124
31270.0,8th & D St NW,116,-7,123
31609.0,Maine Ave & 7th St SW,120,-3,123
31670.0,12th St & New York Ave NW,117,-6,123
31280.0,11th & S St NW,13,-109,122
31666.0,4th & G St SW,108,-14,122
31213.0,17th & K St NW,112,-10,122
31503.0,Florida Ave & R St NW,-1,-123,122
31205.0,21st & I St NW,103,-17,120
31627.0,M St & Delaware Ave NE,110,-10,120
31248.0,Smithsonian-National Mall / Jefferson Dr & 12th St SW,115,-2,117
31653.0,7th & K St NW,111,-5,116
31699.0,Eastern Market Metro,21,-92,113
31221.0,18th & M St NW,103,-10,113
31253.0,19th & I St NW,111,-1,112
31652.0,4th & M St SE,105,-3,108
31129.0,15th St & Pennsylvania Ave NW,108,0,108
31137.0,Park Pl & Rock Creek Church Rd NW,1,-101,102
31674.0,Maine Ave & Water St SW,98,-2,100
31277.0,17th & G St NW,96,-4,100
31014.0,19th St N & Ft Myer Dr,97,-2,99
31272.0,Washington & Independence Ave SW/HHS,98,1,97
31123.0,14th & Girard St NW,4,-91,95
31254.0,15th & K St NW,92,-2,94
31624.0,North Capitol St & F St NW,88,-4,92
31107.0,Lamont & Mt Pleasant NW,8,-84,92
31634.0,3rd & Tingey St SE,88,-4,92
31208.0,M St & New Jersey Ave SE,92,0,92
31306.0,39th & Calvert St NW / Stoddert,2,-88,90
31339.0,18th St & Ingleside Ter NW,1,-89,90
31264.0,6th St & Indiana Ave NW,90,0,90
31121.0,Calvert St & Woodley Pl NW,8,-82,90
31116.0,California St & Florida Ave NW,0,-90,90
31648.0,Potomac Ave & Half St SW,86,-2,88
31258.0,Lincoln Memorial,72,-16,88
31235.0,19th St & Constitution Ave NW,82,-6,88
31291.0,Vermont Ave & I St NW,77,-10,87
31024.0,Virginia Square Metro / Monroe St & 9th St N,2,-85,87
31223.0,Convention Center / 7th & M St NW,17,-69,86
31236.0,37th & O St NW / Georgetown University,13,-73,86
31265.0,5th St & Massachusetts Ave NW,71,-14,85
31249.0,Jefferson Memorial,68,-17,85
31266.0,11th & M St NW,58,-26,84
31020.0,Wilson Blvd & N Franklin Rd,2,-81,83
31330.0,17th & P St NW,12,-71,83
31669.0,3rd & M St SE,83,1,82
31519.0,1st & O St NW,12,-70,82
31212.0,New Hampshire Ave & Ward Pl NW,75,-7,82
31333.0,Wisconsin Ave & Rodman St NW,1,-80,81
31603.0,1st & M St NE,78,-3,81
31304.0,36th & Calvert St NW / Glover Park,1,-79,80
31019.0,Wilson Blvd & N Edgewood St,-1,-81,80
31124.0,14th & Irving St NW,62,-18,80
31267.0,17th St & Massachusetts Ave NW,8,-71,79
31234.0,20th & O St NW / Dupont South,73,-5,78
31281.0,8th & O St NW,4,-74,78
31506.0,1st & Rhode Island Ave NW,-1,-79,78
31288.0,4th St & Madison Dr NW,77,0,77
31302.0,Wisconsin Ave & Newark St NW,3,-74,77
31324.0,18th & New Hampshire Ave NW,28,-49,77
31531.0,MBT & Bryant St NE,74,-2,76
31628.0,1st & I St SE,40,-35,75
31504.0,10th & Monroe St NE,1,-73,74
31337.0,33rd St & Wisconsin Ave NW,73,1,72
31224.0,18th & L St NW,67,-5,72
31130.0,7th & S St NW,9,-63,72
31202.0,14th & R St NW,28,-44,72
31200.0,Massachusetts Ave & Dupont Circle NW,58,-13,71
31031.0,15th St & N Scott St,2,-68,70
31015.0,Wilson Blvd & Ft Myer Dr,68,-1,69
31947.0,Rosslyn Metro / Wilson Blvd & N Moore St,67,-1,68
31219.0,10th St & Constitution Ave NW,61,-5,66
31120.0,10th St & Florida Ave NW,18,-48,66
31638.0,1st & H St NW,61,-4,65
31649.0,14th & Newton St NW,15,-50,65
31661.0,8th & H St NE,58,-7,65
32226.0,20th & I St NW,64,-1,65
31037.0,Ballston Metro / Stuart St & 9th St N,4,-60,64
31615.0,6th & H St NE,28,-36,64
31619.0,Lincoln Park / 13th & East Capitol St NE ,0,-64,64
31642.0,New Jersey Ave & K St NW,61,-2,63
31210.0,17th St & Rhode Island Ave NW,16,-47,63
31041.0,Prince St & Union St,61,-2,63
31321.0,15th St & Constitution Ave NW,63,1,62
31111.0,10th & U St NW,14,-48,62
31418.0,New Hampshire & Gallatin St NW,-1,-63,62
31400.0,Georgia & New Hampshire Ave NW,50,-12,62
31250.0,20th & L St NW,60,-2,62
31640.0,Maryland Ave & E St NE,4,-57,61
31118.0,3rd & Elm St NW,2,-59,61
31524.0,Montello Ave & Holbrook Terr NE,42,-18,60
31257.0,22nd & I St NW / Foggy Bottom,44,-16,60
31616.0,3rd & H St NE,42,-18,60
31611.0,13th & H St NE,5,-54,59
31214.0,17th & Corcoran St NW,16,-43,59
31039.0,Wilson Blvd & N Quincy St,7,-52,59
31328.0,21st St & G st NW,12,-47,59
31654.0,King Greenleaf Rec Center,57,-1,58
31612.0,D St & Maryland Ave NE,5,-53,58
31117.0,15th & Euclid St NW,-1,-58,57
31676.0,1st & Q St SW,47,-10,57
31917.0,N Lynn St & Fairfax Dr,51,-5,56
31673.0,Waterfront Park,54,-2,56
31132.0,13th & U St NW,37,-19,56
31105.0,14th & Harvard St NW,3,-53,56
31042.0,Market Square / King St & Royal St,56,0,56
31242.0,18th St & Pennsylvania Ave NW,35,-21,56
31109.0,7th St & Florida Ave NW,49,-6,55
31408.0,Takoma Metro,2,-53,55
31244.0,4th & E St SW,53,-2,55
31275.0,New Hampshire Ave & 24th St NW,50,-5,55
31126.0,11th & Girard St NW,11,-43,54
31295.0,Potomac & M St NW,46,-8,54
31307.0,3000 Connecticut Ave NW / National Zoo,6,-48,54
31332.0,11th & V St NW,5,-49,54
31256.0,10th & E St NW,37,-17,54
31239.0,Rhode Island & Connecticut Ave NW,53,-1,54
31424.0,9th & Ingraham St NW,51,-2,53
31420.0,17th & Upshur St NW,-1,-54,53
31308.0,39th & Veazey St NW,1,-52,53
31125.0,15th & W St NW,11,-42,53
31327.0,14th & Q St NW,31,-21,52
31271.0,Constitution Ave & 2nd St NW/DOL,46,-5,51
31601.0,19th & East Capitol St SE,50,-1,51
31292.0,22nd St & Constitution Ave NW,19,-32,51
31417.0,Kansas Ave & Sherman Cr NW,-1,-52,51
31325.0,Reservoir Rd & 38th St NW,21,-30,51
31298.0,15th & M St NW,4,-46,50
31528.0,John McCormack Rd NE,3,-47,50
31218.0,L'Enfant Plaza / 7th & C St SW,44,-6,50
31625.0,3rd & G St SE,39,-11,50
31509.0,New Jersey Ave & R St NW,9,-41,50
31610.0,Eastern Market / 7th & North Carolina Ave SE,11,-39,50
31027.0,Wilson Blvd & N Quinn St,-1,-51,50
31279.0,19th & G St NW,19,-30,49
31025.0,Central Library / Quincy St & 10th St N,8,-40,48
31240.0,Ohio Dr & West Basin Dr SW / MLK & FDR Memorials,31,-17,48
31534.0,7th & Monroe St NE,13,-35,48
31294.0,7th & E St SW,48,1,47
33200.0,17th St & New York Ave NW,44,-3,47
31641.0,2nd St & Massachusetts Ave NE,10,-37,47
31505.0,Eckington Pl & Q St NE,17,-30,47
31273.0,Hains Point/Buckeye & Ohio Dr SW,10,-37,47
31404.0,9th & Upshur St NW,21,-26,47
31651.0,11th & Park Rd NW,10,-37,47
31680.0,Half & I St SW ,43,-4,47
31523.0,Lincoln Rd & Seaton Pl NE/Harry Thomas Rec Center,4,-43,47
32014.0,Friendship Hts Metro / Wisconsin Ave & Wisconsin Cir,-1,-47,46
31312.0,Wisconsin Ave & O St NW,41,-5,46
31636.0,New Jersey Ave & N St NW/Dunbar HS,13,-33,46
31662.0,1st & K St NE,37,-9,46
31319.0,Wisconsin Ave & Brandywine St NW,-1,-46,45
31419.0,Georgia Ave & Morton St NW,2,-43,45
31226.0,34th St & Wisconsin Ave NW,12,-33,45
31119.0,14th & Belmont St NW,20,-25,45
31525.0,Trinidad Rec Center,43,-2,45
31110.0,20th St & Florida Ave NW,37,-8,45
31245.0,7th & R St NW / Shaw Library,18,-27,45
31263.0,10th & K St NW,40,-5,45
32008.0,Cordell & Norfolk Ave,-1,-46,45
31251.0,12th & L St NW,29,-16,45
31313.0,Connecticut Ave & Tilden St NW,5,-39,44
31391.0,44th St & New Mexico Ave NW,3,-41,44
31018.0,Rhodes St & 16th St N,5,-39,44
31605.0,3rd & D St SE,10,-34,44
31675.0,North Capitol & K St NE,36,-8,44
31068.0,Arlington Mill Cmty Center / Columbia Pike & S Dinwiddie St,41,-3,44
31139.0,20th & M St NW ,45,1,44
31600.0,5th & K St NW,31,-12,43
31269.0,3rd St & Pennsylvania Ave SE,10,-33,43
31252.0,21st St & Pennsylvania Ave NW,29,-14,43
31828.0,New Jersey Ave & H St SE,10,-33,43
31656.0,Maryland Ave & 17th St NE,38,-5,43
31049.0,Fairfax Dr & N Taylor St,41,-2,43
31668.0,1st St & Potomac Ave SE,27,-16,43
31513.0,Rhode Island Ave & V St NE,0,-42,42
31801.0,Anacostia Metro,41,-1,42
31028.0,N Veitch St & Key Blvd,3,-39,42
31401.0,14th & Quincy St NW,28,-14,42
31639.0,2nd & G St NE,37,-5,42
31606.0,Potomac & Pennsylvania Ave SE,9,-33,42
31644.0,12th St & Pennsylvania Ave SE,6,-35,41
31290.0,17th St & Independence Ave SW,12,-29,41
31065.0,N Pershing Dr & N Wayne St,-1,-42,41
31622.0,13th & D St NE,20,-21,41
31259.0,20th St & Virginia Ave NW,11,-30,41
31336.0,9th & N St NW ,16,-25,41
31201.0,15th & P St NW,7,-33,40
32025.0,Carroll & Westmoreland Ave,1,-39,40
31637.0,North Capitol St & G Pl NE,9,-31,40
31677.0,1st & L St NW,35,-5,40
31289.0,Henry Bacon Dr & Lincoln Memorial Circle NW,25,-15,40
31617.0,Bladensburg Rd & Benning Rd NE,40,0,40
31500.0,4th & W St NE,37,-2,39
31406.0,14th & Upshur St NW,7,-31,38
31282.0,16th & R St NW,23,-15,38
31541.0,10th & Quincy St NE / Turkey Thicket Rec,33,-5,38
31631.0,8th & F St NE,23,-15,38
31618.0,4th & East Capitol St NE,2,-36,38
31532.0,4th & Florida Ave NE,14,-24,38
31112.0,Harvard St & Adams Mill Rd NW,3,-35,38
31970.0,First St & Fayette St,5,-32,37
31305.0,Connecticut Ave & Macomb St NW / Cleveland Park,2,-35,37
31002.0,Crystal Dr & 20th St S,21,-16,37
31260.0,23rd & E St NW ,21,-16,37
31278.0,18th & R St NW,17,-20,37
31978.0,Arlington National Cemetery,12,-25,37
31667.0,2nd & V St SW / James Creek Marina,23,-14,37
31527.0,North Capitol & R St NE,25,-11,36
31093.0,21st St & N Pierce St,5,-31,36
31536.0,5th & Morse St NE,29,-7,36
31514.0,Hamlin & 7th St NE,0,-36,36
31393.0,Wisconsin Ave & Upton St NW,14,-22,36
31633.0,Independence Ave & L'Enfant Plaza SW/DOE,26,-10,36
31204.0,20th & E St NW,12,-23,35
31255.0,24th & N St NW,20,-15,35
31903.0,Royal St & Wilkes St,32,-3,35
31297.0,Virginia Ave & 25th St NW,28,-7,35
31052.0,Potomac Ave & 35th St S,29,-6,35
31968.0,King St & N Pitt St,29,-5,34
31517.0,Union Market,8,-26,34
31520.0,24th & R St NE / National Arboretum,26,-7,33
31412.0,3rd St & Riggs Rd NE,29,-4,33
31657.0,Massachusetts Ave & 6th St NE,1,-32,33
31340.0,North Capitol & Douglas St NW / Reservoir Park Rec ,1,-32,33
31071.0,Eads St & 12th St S,25,-8,33
31220.0,21st & E St NW,14,-19,33
31287.0,10th St & L'Enfant Plaza SW,21,-12,33
31632.0,15th & F St NE,15,-18,33
31310.0,Connecticut & Nebraska Ave NW,15,-18,33
31285.0,22nd & P ST NW,31,-1,32
31940.0,Arlington Blvd & Fairfax Dr,30,-2,32
31261.0,Virginia Ave & C St NW,31,-1,32
31423.0,Kansas Ave & Longfellow St NW,3,-29,32
31630.0,15th & East Capitol St NE,21,-11,32
31140.0,21st & L St NW ,32,0,32
31533.0,Tanner Park,13,-19,32
31907.0,Franklin St & S Washington St,31,-1,32
31299.0,Connecticut Ave & R St NW,8,-23,31
31100.0,19th St & Pennsylvania Ave NW,19,-12,31
32053.0,Medical Center Metro ,2,-29,31
31621.0,4th & D St NW / Judiciary Square,9,-22,31
31064.0,Gravelly Point,31,0,31
31029.0,N Veitch St & 20th St N,7,-24,31
31080.0,Langston Blvd & N Scott St,3,-28,31
31664.0,Half & Water St SW,6,-25,31
31043.0,St Asaph & Pendleton St,29,-2,31
31920.0,Washington-Liberty High School / N Stafford St & Generals Way,22,-8,30
31138.0,4th & College St NW,7,-23,30
31518.0,New York Ave & Hecht Ave NE,23,-7,30
31660.0,7th & K St NE,26,-4,30
31038.0,Glebe Rd & 11th St N,8,-22,30
31645.0,6th & K St NE,19,-11,30
31283.0,14th & L St NW,28,-2,30
31211.0,Kennedy Center,27,-3,30
31635.0,Potomac Ave & 8th St SE,12,-17,29
31425.0,Georgia Ave & Dahlia St NW,4,-25,29
31060.0,S Arlington Mill Dr & Campbell Ave,27,-2,29
31092.0,Langston Blvd & N Monroe St,1,-28,29
32048.0,Bethesda Metro / Wisconsin Ave & Old Georgetown Rd,8,-21,29
31007.0,Crystal City Metro / 18th St & S Bell St,19,-10,29
32027.0,Battery Ln & Trolley Trail,0,-29,29
31407.0,Colorado Ave & Longfellow St NW,21,-8,29
31643.0,1st & D St SE,17,-12,29
31036.0,George Mason Dr & Wilson Blvd,4,-25,29
31665.0,Stadium Armory Metro,3,-26,29
31511.0,12th & Irving St NE,8,-21,29
31629.0,8th & East Capitol St NE,12,-17,29
31394.0,New Mexico & Cathedral Ave NW,2,-26,28
31411.0,Georgia & Missouri Ave NW,15,-13,28
31414.0,Georgia Ave & Piney Branch Rd NW,16,-12,28
31516.0,Rhode Island Ave Metro,18,-10,28
31501.0,12th & Newton St NE,28,0,28
31405.0,Georgia Ave & Emerson St NW,-1,-29,28
31237.0,25th St & Pennsylvania Ave NW,12,-16,28
31026.0,Washington Blvd & 10th St N,3,-25,28
31522.0,2nd St & Seaton Pl NE,2,-25,27
31626.0,15th St & Massachusetts Ave SE,3,-24,27
31309.0,Fessenden St & Wisconsin Ave NW,0,-27,27
31512.0,Neal St & Trinidad Ave NE,18,-9,27
31413.0,3rd & Underwood St NW,7,-20,27
31395.0,Massachusetts & Idaho Ave NW,5,-22,27
31672.0,10th & H St NE,5,-22,27
32040.0,Friendship Blvd & Willard Ave,-1,-28,27
31529.0,Edgewood Rec Center,4,-23,27
31284.0,18th & C St NW,27,0,27
31331.0,Arizona Ave & MacArthur Blvd NW,10,-17,27
31933.0,Duke St & Strand (Robinson Terminal),23,-4,27
31926.0,Wilson Blvd & N Vermont St,24,-3,27
31338.0,Connecticut Ave & Ordway St NW / Cleveland Park Metro ,5,-22,27
31005.0,Pentagon City Metro / 12th St & S Hayes St,17,-9,26
31078.0,Arlington Blvd & S George Mason Dr,12,-14,26
31127.0,22nd & H St NW,11,-15,26
31053.0,Columbia Pike & S Courthouse Rd,23,-3,26
32021.0,47th & Elm St,0,-26,26
31390.0,Whitehaven Pkwy & Foxhall Rd NW / GWU Mt. Vernon,4,-22,26
31959.0,Main Line Blvd & E Glebe,27,1,26
32024.0,Fenton St & Gist Ave,3,-22,25
31206.0,19th & E Street NW,6,-19,25
31515.0,Fort Totten Metro,9,-16,25
31924.0,Wilson Blvd & N Troy St,12,-13,25
31045.0,Commerce St & Fayette St,23,-2,25
31023.0,Fairfax Dr & Wilson Blvd,15,-10,25
31392.0,39th St & Tunlaw Rd NW,4,-21,25
31543.0,24th St & Rhode Island Ave NE,23,-1,24
31931.0,N Pitt St & Montgomery St,22,-2,24
32606.0,N Roosevelt St & Roosevelt Blvd,5,-19,24
31318.0,Connecticut Ave & Yuma St NW,14,-10,24
31402.0,14th St Heights / 14th & Crittenden St NW,21,-3,24
31678.0,4th & O St SW,22,-2,24
31658.0,Rosedale Rec Center,14,-10,24
31540.0,3rd & N St NE,22,-2,24
31300.0,Van Ness Metro / UDC,22,-2,24
31097.0,Saint Asaph St & Madison St,25,1,24
31659.0,11th & C St SE,13,-11,24
31315.0,Connecticut Ave & McKinley St NW,15,-8,23
32019.0,East West Hwy & Blair Mill Rd,5,-18,23
31098.0,King St Metro North / Cameron St,14,-9,23
31727.0,17th St & Potomac Ave SE / Congressional Cemetery ,22,-1,23
32011.0,Maple & Ritchie Ave,21,-2,23
31663.0,14th & D St SE,7,-16,23
31604.0,3rd & H St NW,10,-13,23
31077.0,Iwo Jima Memorial / Meade & 14th St N,5,-18,23
31508.0,Gallaudet / 8th St & Florida Ave NE,18,-5,23
31429.0,Rock Creek Pkwy & Pkwy Dr NW ,20,-2,22
31016.0,Clarendon Blvd & Pierce St,9,-13,22
31021.0,Clarendon Blvd & N Fillmore St,0,-22,22
31608.0,8th & Eye St SE / Barracks Row,15,-7,22
31719.0,Oklahoma Ave & Benning Rd NE,18,-4,22
31812.0,16th & Q St SE / Anacostia HS,21,-1,22
31074.0,TJ Cmty Ctr / 2nd St & S Old Glebe Rd,20,-2,22
32418.0,West Hyattsville Metro,7,-15,22
31956.0,Reed & Edison,17,-5,22
31530.0,Capitol Ave & Kendall St NE,18,-4,22
31006.0,Pentagon Row Plaza / Army Navy Dr & Joyce St,10,-12,22
31088.0,Mount Vernon Ave & Kennedy St,12,-9,21
31207.0,Georgia Ave & Fairmont St NW,16,-5,21
31973.0,N Pershing Dr & N Quebec St,4,-17,21
31415.0,Georgia Ave & Kennedy St NW,8,-13,21
31079.0,Langston Blvd & N Cleveland St,1,-20,21
31316.0,Yuma St & Tenley Circle NW,2,-19,21
31939.0,Wilson Blvd & N Oak St,20,-1,21
31607.0,13th & E St SE,15,-6,21
31000.0,Eads St & 15th St S,1,-20,21
31040.0,GMU/Fairfax Dr & Kenmore St,12,-9,21
31806.0,Congress Heights Metro,1,-20,21
32046.0,River Rd & Landy Ln,2,-18,20
31969.0,Braddock Rd Metro South,5,-15,20
31712.0,Oklahoma Ave & D St NE,12,-8,20
31003.0,Crystal Dr & 15th St S,4,-16,20
31918.0,Madison St & Fairfax St,19,-1,20
31904.0,East Falls Church Metro / Sycamore St & 19th St N,9,-11,20
31085.0,Mount Vernon Ave & E Nelson Ave,9,-11,20
31087.0,Monroe Ave & Leslie Ave,15,-5,20
31011.0,Crystal Dr & 23rd St S,16,-4,20
32055.0,Woodmont Ave & Strathmore St,0,-20,20
31403.0,5th & Kennedy St NW,9,-11,20
31094.0,Langston Blvd & N Kirkwood Rd,0,-20,20
31055.0,28th St & S Meade St,17,-3,20
31010.0,S Glebe Rd & Potomac Ave,15,-4,19
31062.0,Roosevelt Island,7,-12,19
32429.0,Bowdoin Ave & Calvert Rd/ College Park Station,4,-15,19
31061.0,S Kenmore St & 24th St S,16,-3,19
31035.0,N Quincy St & Glebe Rd,3,-16,19
32012.0,Silver Spring Metro / Colesville Rd & Wayne Ave,15,-4,19
31827.0,St. Elizabeths West Campus/DHS ,8,-11,19
31705.0,Benning Branch Library,20,1,19
32049.0,WAU / Flower Ave & Division St,18,-1,19
31951.0,8th Rd & S Frederick St,17,-2,19
31090.0,Long Bridge Park / Long Bridge Dr & 6th St S,2,-17,19
31073.0,Washington Blvd & Walter Reed Dr ,13,-6,19
32301.0,20th & N St NW ,18,-1,19
31937.0,Arlington Blvd & Ft Myer Dr,11,-8,19
31067.0,Columbia Pike & S Walter Reed Dr,8,-11,19
31935.0,National Airport,1,-18,19
31913.0,Commonwealth Ave & E Monroe Ave,11,-8,19
31089.0,Court House Metro / 15th St & N Uhle St,15,-4,19
32036.0,Fenton St & Ellsworth Dr ,15,-4,19
32000.0,Norfolk Ave & Fairmont St,20,1,19
31082.0,Eisenhower Ave & Mill Race Ln,2,-17,19
31535.0,10th St & Rhode Island Ave NE,2,-16,18
31051.0,12th St N & N Pierce St,7,-11,18
31091.0,Joyce St & 16th St S,8,-10,18
31069.0,N Pershing Dr & N George Mason Dr,12,-6,18
31716.0,Kingman Island/The Fields at RFK,14,-4,18
31721.0,Anacostia Ave & East Capitol St NE,5,-13,18
31058.0,Columbia Pike & Monroe St,11,-6,17
31322.0,48th Pl & MacArthur Blvd NW,0,-17,17
31804.0,Anacostia Library,11,-6,17
31976.0,Virginia Hospital Center,-1,-18,17
31012.0,Clark St & 26th St S,15,-2,17
31544.0,Michigan Ave & Allison St NE,15,-2,17
31725.0,16th St & North Carolina Ave NE,9,-8,17
31004.0,Aurora Hills Cmty Ctr / 18th St & S Hayes St,0,-17,17
32029.0,Offutt Ln & Chevy Chase Dr,2,-15,17
31326.0,Hardy Rec Center,11,-6,17
31009.0,Crystal Dr & 27th St S,3,-14,17
32406.0,Fleet St & Waterfront St,4,-12,16
32265.0,Pimmit Dr & Los Pueblos Ln,14,-2,16
31971.0,S Wayne St and 9th St S,4,-12,16
32430.0,Guilford Drive & Rowalt Drive / UMD,5,-11,16
31929.0,Mt Vernon Trail & S. Washington St.,4,-12,16
31013.0,Eads St & 22nd St S,2,-14,16
31034.0,Fairfax Dr & N Randolph St,12,-4,16
31979.0,Potomac Yard Metro South,8,-7,15
31902.0,Wilson Blvd & N Illinois St ,10,-5,15
31910.0,Potomac Ave & Main Line Blvd,5,-10,15
31977.0,Marymount University / Yorktown Blvd & 26th St N,0,-15,15
31949.0, S Scott St & 13th St S,14,-1,15
31938.0,23rd St S & Hayes St,7,-8,15
32056.0,East West Hwy & 16th St,0,-15,15
31936.0,Army Navy Dr & Fern St,11,-4,15
32262.0,District Ave & Strawberry Ln/Mosaic Market Garage,12,-3,15
32402.0,Baltimore Ave & Van Buren St / Riverdale Park Station,5,-10,15
32001.0,Fenton St & New York Ave ,2,-13,15
31715.0,37th & Ely Pl SE,14,-1,15
31081.0,Duke St & John Carlyle St,13,-2,15
31963.0,Holmes Run Pkwy & N Pickett St,9,-6,15
31050.0,Barton St & 10th St N,1,-14,15
32002.0,Bethesda Ave & Arlington Rd,6,-9,15
32416.0,Chillum Rd & Riggs Rd / Riggs Plaza,4,-10,14
32431.0,Baltimore Avenue and Hotel Drive at UMD,5,-9,14
31816.0,4th St & Mississippi Ave SE,8,-6,14
31972.0,S Wakefield St & 28th St S,2,-12,14
32219.0,Reston YMCA,11,-3,14
32214.0,W&OD Trail & Explorer St/Reston Bus Station,6,-8,14
31916.0,Potomac Ave & Swann Ave,8,-6,14
31720.0,Anacostia Roller Skating Pavilion,1,-13,14
31096.0,Columbia Pike & S Highland St,13,-1,14
31422.0,Broad Branch Rd & Northampton St NW,2,-12,14
31317.0,Wisconsin Ave & Ingomar St NW,6,-8,14
31416.0,14th St & Luzon Ave NW,12,-1,13
31950.0,Long Bridge Aquatic Center,5,-8,13
32420.0,Prince George's Plaza Metro,12,-1,13
31981.0,Columbia Pike & W&OD Trail ,11,-2,13
31057.0,S Four Mile Run Dr & Shirlington Rd,10,-3,13
31808.0,W St & Shannon Pl SE,12,-1,13
31919.0,Carlin Springs Rd & N Thomas St,9,-4,13
31960.0,Commonwealth and Reed,6,-7,13
31703.0,Minnesota Ave Metro/DOES,13,0,13
32057.0,Pooks Hill Rd & Linden Ave,8,-5,13
31923.0,Columbia Pike & S George Mason Dr,11,-2,13
31526.0,Rhode Island & Montana Ave NE,6,-7,13
32006.0,13th St & Eastern Ave,1,-12,13
32059.0,Takoma Park Rec Center,14,1,13
31944.0,S Clark St & 33rd St,3,-10,13
32067.0,Shady Grove Metro East,-1,-14,13
31521.0,18th & Monroe St NE,2,-11,13
32422.0,The Mall at Prince Georges,4,-9,13
32260.0,Vienna Metro South,1,-12,13
31502.0,John McCormack Rd & Michigan Ave NE,2,-11,13
31909.0,Mount Vernon Ave & Four Mile Run Park,10,-3,13
31958.0,S Washington St & Wilkes St,8,-5,13
31803.0,14th St & Marion Barry Ave SE,10,-3,13
32601.0,Eden Center,1,-11,12
32415.0,Tanger Outlets,2,-10,12
32605.0,W Broad St & Little Falls St,4,-8,12
31084.0,Ballenger Ave & Dulaney St,11,-1,12
32423.0,National Harbor Carousel,5,-7,12
32080.0,Fishers Ln & Rock Creek Mill Rd,0,-12,12
31930.0,Eisenhower Ave & Ike Dr,11,-1,12
32231.0,Dunn Loring Metro,-1,-13,12
31537.0,Fort Lincoln Dr & 33rd Pl NE,11,-1,12
32203.0,Tysons Metro South,5,-7,12
31538.0,South Dakota Ave & Bladensburg Rd NE,2,-10,12
31059.0,S Four Mile Run Dr & Walter Reed Dr,4,-8,12
31914.0,Lee Center,1,-11,12
31912.0,Mount Vernon Ave & Bruce St,9,-3,12
31900.0,Langston Blvd & N Woodstock St,0,-12,12
31032.0,Washington Blvd & 7th St N,5,-7,12
31945.0,Columbia Pike & S Greenbrier St,10,-2,12
31726.0,34th St & Minnesota Ave SE,13,1,12
32232.0,West Falls Church Metro,2,-10,12
31905.0,Kennebec St & 11th St N,2,-10,12
32243.0,Reston Town Center Metro North,7,-5,12
31955.0,King St & Peyton St,11,-1,12
31046.0,Henry St & Pendleton St,5,-7,12
32026.0,Carroll & Ethan Allen Ave,1,-11,12
31075.0,Rolfe St & 9th St S,0,-11,11
31099.0,Madison St & N Henry St,10,-1,11
31048.0,King St Metro South,6,-5,11
31802.0,MLK & Marion Barry Ave SE,9,-2,11
31095.0,Army Navy Dr & S Nash St,7,-4,11
31829.0,16th & Bangor St SE,5,-6,11
31334.0,Loughboro Rd & Dalecarlia Pkwy NW / Sibley Hospital,3,-8,11
32237.0,Baron Cameron Ave & North Hampton Ave,5,-6,11
32432.0,Bladensburg Waterfront Park,6,-5,11
31546.0,South Dakota Ave & Decatur St NE ,4,-7,11
31083.0,Potomac Greens Dr & Slaters Ln,7,-4,11
32003.0,Montgomery Ave & Waverly St ,5,-6,11
31805.0,Pennsylvania & Minnesota Ave SE,5,-6,11
31056.0,S Troy St & 26th St S,9,-2,11
32034.0,Silver Spring Transit Center - Top Level,5,-6,11
32413.0,Rhode Island Ave & 39th St / Brentwood Arts Exchange,5,-6,11
31076.0,S Randolph St & Campbell Ave,10,0,10
32051.0,Connecticut Ave & Chevy Chase Lake Dr,8,-2,10
31915.0,Powhatan St & Bashford Ln,2,-8,10
32204.0,Tysons Metro North,5,-5,10
32076.0,Citadel Ave & McGrath Blvd,2,-8,10
32414.0,Riggs Rd & East West Hwy,9,-1,10
31047.0,Braddock Rd Metro North,11,1,10
31954.0,S Jordan St & Venable St,7,-3,10
32421.0,Riverdale Park Town Center,5,-5,10
32218.0,Temporary Rd & Old Reston Ave,7,-3,10
32410.0,Queens Chapel & Hamilton St,8,-2,10
32229.0,Park Run & Onyx Dr,7,-3,10
32608.0,Falls Church City Hall / Park Ave & Little Falls St,4,-6,10
31054.0,Wakefield High School,1,-9,10
31044.0,King St & Patrick St,4,-6,10
31974.0,Mandeville Ln & Stovall St,0,-10,10
31927.0,Wheeler Ave & S. Floyd St.,1,-9,10
32235.0,Merrifield Cinema & Merrifield Town Center,5,-5,10
31932.0,Van Dorn Metro,9,-1,10
31921.0,Westover Library / Washington Blvd & N McKinley Rd,8,-2,10
31820.0,Anacostia Park,7,-3,10
32426.0,Greenbelt Station Parkway,7,-3,10
32213.0,W&OD Trail/Sunset Hills Rd & Old Reston Ave,3,-6,9
31383.0,N Shore Dr & Bandit Loop,4,-5,9
31708.0,Anacostia Ave & Benning Rd NE / River Terrace ,8,-1,9
32081.0,Congressional Ln & E Jefferson St,10,1,9
31906.0,Commonwealth Ave & Oak St,8,-1,9
31707.0,Benning Rd & East Capitol St NE / Benning Rd Metro,3,-6,9
31948.0,W&OD Trail & Langston Blvd,7,-2,9
31901.0,Washington Blvd & N Frederick St,7,-2,9
32227.0,Greensboro & Pinnacle Dr,1,-8,9
31086.0,Mount Vernon Ave & E Del Ray Ave,4,-5,9
31826.0,Minnesota Ave & R St SE,7,-2,9
32234.0,Merrilee Dr & Lauren Elizabeth Lane,8,-1,9
31967.0,S Reynolds St & Edsall Rd,7,-2,9
31817.0,1st & S Capitol St SE / Oxon Run Trail,2,-7,9
32037.0,King Farm Blvd & Pleasant Dr,0,-9,9
31380.0,Sunrise Valley Dr & Roland Clarke Pl,2,-7,9
32433.0,Rhode Island Avenue /Charles Armentrout Drive - Melrose Skate Park ,9,0,9
32408.0,Oglethorpe St & 42nd Ave,-1,-10,9
32039.0,Old Georgetown Rd & Southwick St,8,-1,9
32276.0,Fairfax Blvd & Pickett Rd North,8,-1,9
32603.0,Pennsylvania Ave & Park Ave,6,-3,9
31070.0,Arlington Blvd & Fillmore St,8,-1,9
32600.0,Founders Row/W Broad St & West St,1,-8,9
32403.0,Baltimore Ave & Jefferson St,5,-4,9
32261.0,Vaden Dr & Royal Victoria Dr/Jim Scott Cmty Ctr,-1,-10,9
31033.0,Barcroft Community Center,4,-5,9
31961.0,Fillmore & Bisdorf,0,-9,9
32404.0,Perry & 35th St,2,-6,8
32045.0,Shady Grove Metro West,7,-1,8
32032.0,Fleet St & Ritchie Pkwy,6,-2,8
32201.0,Westpark Dr & Leesburg Pike,3,-5,8
32084.0,Wheaton Library & Community Rec Center,9,1,8
32411.0,Northwestern High School,5,-3,8
31398.0,Tyco Rd & Boyd Pointe Way,5,-3,8
32417.0,Hyattsville Library / Adelphi Rd & Toledo Rd,3,-5,8
31063.0,S George Mason Dr & S Four Mile Run Dr,4,-4,8
32215.0,Wiehle-Reston Metro South,3,-5,8
31957.0,King St & Kenwood Ave,7,-1,8
31717.0,Kenilworth Terr & Hayes St. NE,7,-1,8
32074.0,Twinbrook Metro,1,-7,8
32604.0,E Fairfax St & S Washington St,1,-7,8
31510.0,18th St & Rhode Island Ave NE,7,-1,8
32242.0,Market St & St Francis St,4,-4,8
32023.0,Montgomery College / W Campus Dr & Mannakee St,2,-6,8
31966.0,Duke St & Jordan St,4,-4,8
32281.0,Fair Woods Pkwy & Fairfax Blvd,8,0,8
32259.0,N Shore Dr & Wainwright Dr,8,0,8
32216.0,Library St & Freedom Dr,5,-3,8
32043.0,Veterans Pl & Pershing Dr ,3,-5,8
32419.0,Capitol Heights Metro,2,-6,8
31713.0,Division Ave & Foote St NE,6,-2,8
32609.0,W Columbia St & N Washington St,1,-7,8
32220.0,W&OD Trail/Sunset Hills Rd & Isaac Newton Sq,4,-4,8
32061.0,New Hampshire & Kirklynn Ave,7,-1,8
32028.0,Norfolk & Rugby Ave,6,-2,8
32063.0,Amherst Ave & Elkins St,0,-8,8
31386.0,Prosperity Ave & Avenir Pl,5,-3,8
31813.0,Alabama Ave & Stanton Rd SE / Shops at Park Village,2,-6,8
32280.0,University Dr & Democracy Ln,5,-3,8
31542.0,12th & Varnum St NE,2,-6,8
32412.0,New Hampshire Ave & East-West Hwy,4,-4,8
31701.0,Branch & Pennsylvania Ave SE,4,-4,8
32607.0,S Maple Ave & S Washington St,3,-5,8
31545.0,18th & Upshur St NE,6,-1,7
32268.0,Arlington Blvd & Allen St,6,-1,7
31953.0,S Pickett St & Shillings St,5,-2,7
32210.0,Town Center Pkwy & Bowman Towne Dr,3,-4,7
32062.0,Wheaton Metro / Georgia Ave & Reedie Dr,5,-2,7
32058.0,Sligo Ave & Carroll Ln,4,-3,7
32253.0,Soapstone Dr Convenience Center,7,0,7
31811.0,South Capitol & Atlantic St SW,5,-2,7
32236.0,Vy Reston Heights,1,-6,7
31822.0,Stanton Square SE,2,-5,7
32205.0,Westpark & Jones Branch Dr,2,-5,7
32263.0,Gatehouse Rd & Telestar Ct,8,1,7
32230.0,McLean Metro,1,-6,7
32082.0,Garland Ave & Walden Rd,6,-1,7
32228.0,Reston Station Blvd & Sunset Hills Rd,6,-1,7
31928.0,N. Beauregard St. & Berkley St.,5,-2,7
32295.0,GMU/Horizon Hall & Harris Theater,5,-2,7
32211.0,Greensboro Metro East,3,-4,7
31962.0,King St & W Braddock Rd,0,-7,7
32054.0,Lyttonsville Rd & Lyttonsville Pl,3,-4,7
31066.0,Columbia Pike & S Orme St,3,-4,7
32279.0,George Mason Blvd & Armstrong St,5,-2,7
32065.0,Grandview & Blueridge Ave,1,-6,7
32297.0,Hilltop Rd & Willowmere Dr ,2,-5,7
31396.0,Dorr Ave & Prosperity Ave,3,-4,7
31389.0,Route 29 & Circle Woods Dr,4,-2,6
31714.0,61st St & Banks Pl NE,5,-1,6
31072.0,31st St & S Woodrow St,4,-2,6
32200.0,Spring Hill Metro,5,-1,6
32050.0,Spring St & 2nd Ave,3,-3,6
32224.0,Town Center Pkwy & Sunset Hills Rd,4,-2,6
31427.0,Kansas Ave & Tuckerman St NW / Lamond Rec ,1,-5,6
32427.0,40th Ave & Bladensburg Rd,2,-4,6
32407.0,Oxon Hill Park & Ride,4,-2,6
31807.0,Pleasant St & MLK Ave SE,7,1,6
32256.0,North Village and Park Garden,5,-1,6
32269.0,Jones Branch Dr & Blyton St,3,-3,6
31942.0,Whiting & Lane Dr,1,-5,6
31711.0,Deanwood Rec Center,1,-5,6
31399.0,Old Meadow Rd & Cathy Ln,1,-5,6
31952.0,N Howard St & N Imboden St,1,-5,6
31539.0,South Dakota Ave & 33rd St NE,6,0,6
32270.0,Westbranch & Jones Branch Dr,4,-2,6
31941.0,N Hampton Dr & Ford Ave,5,-1,6
32267.0,Route 29 & Bisvey Dr,5,-1,6
32602.0,N Oak St & W Broad St,4,-2,6
32077.0,Rockville Pike & Old Georgetown Rd,3,-3,6
32047.0,Rockville Metro West,0,-6,6
32078.0,Woodglen Dr & Executive Blvd,6,0,6
32294.0,GMU/Rappahannock River Ln,0,-6,6
32238.0,Ridge Heights Rd & Seahawks Dr,2,-4,6
32289.0,Franconia-Springfield Metro North,1,-5,6
32266.0,Emma Lee St & Morris St,6,0,6
32293.0,GMU/Patriot Cir & York Dr,1,-5,6
32038.0,King Farm Blvd & Piccard Dr,5,-1,6
32009.0,Frederick Ave & Horners Ln,5,-1,6
32278.0,Blenheim Blvd & North St,5,-1,6
32225.0,Reston Pkwy & Spectrum Dr,0,-6,6
31946.0,Kenmore Ave & Seminary Rd,4,-2,6
31800.0,Alabama & MLK Ave SE,3,-3,6
31702.0,Randle Circle & Minnesota Ave SE,1,-5,6
31728.0,55th & East Capitol St NE,2,-3,5
31824.0,Valley Ave & Wheeler Rd SE,2,-3,5
31823.0,United Medical Center,4,-1,5
31706.0,Fairfax Village,2,-3,5
32079.0,Executive Blvd & E Jefferson St,6,1,5
32250.0,Glade Dr & Pinecrest Rd/Cathy Hudgins Cmty Ctr,4,-1,5
32075.0,North Bethesda Metro,1,-4,5
32089.0,New Hampshire & Lockwood,-1,-6,5
32018.0,Needwood Rd & Eagles Head Ct,4,-1,5
31381.0,Westbranch Dr & Maitland St,4,-1,5
31700.0,Marion Barry Ave & Naylor Rd SE,1,-4,5
32424.0,Roosevelt Center & Crescent Rd,3,-2,5
32083.0,Rockville Pike & Rose Ave,4,-1,5
31722.0,Woody Ward Rec Center,0,-5,5
32044.0,Rockville Metro East,4,-1,5
32400.0,1301 McCormick Dr / Wayne K. Curry Admin Bldg,1,-4,5
32272.0,Madrillon Rd & Boss St,1,-4,5
32290.0,Charles Arrington Dr & Manchester Lakes Dr ,3,-2,5
32066.0,Windham Ln & Amherst Ave,-1,-6,5
31815.0,19th & Savannah St SE,5,0,5
32258.0,Reston Town Center Metro South,3,-2,5
32320.0,Reston Cmty Ctr/Hunters Woods Plaza,1,-4,5
32206.0,Jones Branch & Westbranch Dr,3,-2,5
31908.0,Radford & Osage St,4,-1,5
31831.0,25th & S St SE ,-1,-6,5
32283.0,South St & University Dr,1,-4,5
32068.0,Columbus Ave & Tribeca St,4,-1,5
32425.0,Crescent Rd & Ridge Rd,3,-2,5
32022.0,Dennis Ave & Amherst Ave,4,-1,5
31428.0,Western Ave & Pinehurst Cir NW ,3,-1,4
32271.0,Madron Ln & Bermudez Ct,2,-2,4
32064.0,Amherst Ave & Prichard Rd,1,-3,4
32296.0,Metro Park Dr & Walker Ln ,4,0,4
32017.0,Monroe St & Monroe Pl,3,-1,4
32428.0,Walker Mill Road/ Walker Mill Regional Park ,1,-3,4
32207.0,Westpark & Park Run Dr,2,-2,4
32255.0,Hartland Rd & Harte Pl,3,-1,4
32434.0,Motiva Greenbelt,1,-3,4
32401.0,Largo Town Center Metro,3,-1,4
32252.0,Ridge Heights and Owl Cove Ln,3,-1,4
32247.0,South Lakes Dr and Reston Pkwy,0,-4,4
32086.0,Briggs Chaney & Castle Dr,3,-1,4
32092.0,Castle Blvd & Castle Ln,1,-3,4
31704.0,Nannie Helen Burroughs & Minnesota Ave NE,0,-4,4
32274.0,Beech Dr at Draper Dr Park,3,-1,4
31718.0,Ridge Rd Community Center,4,0,4
32212.0,New Dominion Pkwy & Fountain Dr,2,-2,4
32094.0,Oak Leaf & Lockwood,5,1,4
32282.0,School St & George Mason Blvd,1,-3,4
32288.0,Seatrend Way & Topsails Ln,1,-3,4
32248.0,Olde Crafts Dr and Cartwright Pl,1,-3,4
32209.0,North Shore & Cameron Crescent Dr/Crescent Apartments,3,-1,4
31830.0,South Capitol St and Southern Ave SE,2,-2,4
31943.0,N Howard St & Taney Ave,1,-2,3
32069.0,Columbus Ave & Gramercy Blvd,3,0,3
32233.0,Jones Branch Drive & Scotts Crossing Rd,2,-1,3
32277.0,Layton Hall Dr & University Dr,-1,-4,3
32409.0,Southern Ave Metro,0,-3,3
31329.0,White House,3,0,3
32101.0,Witter Field,2,-1,3
32246.0,Golf Course Sq and Golf Course Dr,-1,-4,3
32217.0,Sunset Hills Rd & Discovery Square,0,-3,3
31825.0,Fort Stanton Rec Center,3,0,3
31819.0,Joliet St & MLK Ave SW/Bald Eagle Rec Ctr,2,-1,3
31964.0,Virginia Theological Seminary,1,-2,3
32264.0,Pimmit Dr & Idyl Ln,1,-2,3
31385.0,Old Meadow Rd & Old Meadow Ln,4,1,3
32221.0,Greensboro & International Dr,0,-3,3
31710.0,Nannie Helen Burroughs Ave & 49th St NE,3,0,3
31671.0,53rd & D St SE/C.W. Harris Elementary,-1,-4,3
32073.0,Blueridge Ave & Elkin St,-1,-3,2
32405.0,Largo Rd & Campus Way / Prince Georges's Comm Col,1,-1,2
32298.0,Chain Bridge Rd & Anderson Rd,2,0,2
32251.0,Lake Newport Rd and Autumn Ridge Cir,0,-2,2
31818.0,Livingston Rd & 3rd St SE,0,-2,2
31387.0,Kingsbridge Dr & Draper Dr,1,-1,2
32088.0,Briggs Chaney Park & Ride,1,-1,2
32239.0,Becontree Ln & Goldenrain Ct,1,-1,2
32241.0,Reston Pkwy & Bennington Woods Rd,-1,-3,2
32223.0,North Shore Dr & Village Rd,1,-1,2
32005.0,Traville Gateway Dr & Gudelsky Dr,-1,-3,2
31814.0,Mississippi Ave & 19th St SE / THEARC,1,-1,2
32085.0,The Shoppes @ Burnt Mills,2,0,2
32901.0,6035 Warehouse,2,1,1
31723.0,Ridge Rd & Southern Ave SE,0,-1,1
32244.0,Vantage Hill Rd & Wainwright Dr,2,1,1
32275.0,Fairfax Blvd & Pickett Rd South,1,0,1
31724.0,41st St & Alabama Ave SE / Fort Davis Rec,1,0,1
32087.0,White Oak Rec Center,0,-1,1
32090.0,Stewart & April,1,1,0
